              precision    recall  f1-score   support

           0       1.00      0.50      0.67         2
           1       0.33      1.00      0.50         1
           2       0.00      0.00      0.00         1
           3       0.00      0.00      0.00         1
           4       0.00      0.00      0.00         1
           5       0.00      0.00      0.00         0
           7       0.00      0.00      0.00         1
           9       0.33      1.00      0.50         1
          10       0.00      0.00      0.00         1
          16       0.00      0.00      0.00         1
          18       0.00      0.00      0.00         0
          19       0.00      0.00      0.00         1
          21       0.50      1.00      0.67         1
          23       0.00      0.00      0.00         0
          24       0.00      0.00      0.00         1
          26       0.00      0.00      0.00         0
          27       0.00      0.00      0.00         1
          29       0.00      0.00      0.00         1
          31       0.00      0.00      0.00         0
          32       0.00      0.00      0.00         1
          33       0.00      0.00      0.00         1
          36       0.00      0.00      0.00         0
          38       0.00      0.00      0.00         1
          43       0.00      0.00      0.00         1
          44       0.00      0.00      0.00         1
          50       0.00      0.00      0.00         0
          56       1.00      1.00      1.00         2
          65       1.00      1.00      1.00         2
          66       0.00      0.00      0.00         1
          68       0.00      0.00      0.00         0
          69       1.00      0.50      0.67         2
          74       0.00      0.00      0.00         1
          80       0.00      0.00      0.00         1
          82       0.00      0.00      0.00         0
          83       1.00      1.00      1.00         1
          85       0.00      0.00      0.00         0
          88       0.50      1.00      0.67         1
          89       0.00      0.00      0.00         0
          90       0.00      0.00      0.00         2
         100       0.00      0.00      0.00         1
         106       0.00      0.00      0.00         1
         108       1.00      1.00      1.00         2
         110       0.00      0.00      0.00         1
         111       1.00      1.00      1.00         1
         112       1.00      1.00      1.00         1
         115       0.33      1.00      0.50         1
         119       0.00      0.00      0.00         0
         122       0.00      0.00      0.00         0
         123       0.33      1.00      0.50         1
         124       0.00      0.00      0.00         1
         125       0.00      0.00      0.00         0
         128       0.00      0.00      0.00         0
         130       0.00      0.00      0.00         0
         134       0.00      0.00      0.00         0
         135       0.00      0.00      0.00         0
         137       0.00      0.00      0.00         0
         138       0.00      0.00      0.00         1
         144       0.00      0.00      0.00         1
         146       0.00      0.00      0.00         1
         152       0.00      0.00      0.00         0
         155       0.00      0.00      0.00         1
         160       1.00      0.50      0.67         2
         161       1.00      1.00      1.00         1
         162       1.00      0.67      0.80         3
         163       0.00      0.00      0.00         0
         164       0.00      0.00      0.00         1
         168       0.00      0.00      0.00         0
         169       0.00      0.00      0.00         1
         172       0.00      0.00      0.00         1
         178       0.00      0.00      0.00         0
         179       0.00      0.00      0.00         1
         180       1.00      0.50      0.67         2
         181       0.00      0.00      0.00         0
         182       0.00      0.00      0.00         0
         185       0.00      0.00      0.00         0
         186       1.00      1.00      1.00         1
         187       1.00      1.00      1.00         2
         188       0.50      1.00      0.67         1
         189       1.00      1.00      1.00         1
         191       0.00      0.00      0.00         1
         192       0.00      0.00      0.00         0
         195       0.00      0.00      0.00         0
         198       0.00      0.00      0.00         1
         200       0.00      0.00      0.00         1
         202       0.00      0.00      0.00         0
         207       1.00      1.00      1.00         3
         208       0.00      0.00      0.00         0
         209       1.00      1.00      1.00         2
         212       0.40      1.00      0.57         2
         213       0.00      0.00      0.00         1
         214       1.00      1.00      1.00         2
         217       1.00      1.00      1.00         2
         219       0.00      0.00      0.00         1
         222       0.00      0.00      0.00         1
         226       0.00      0.00      0.00         1
         227       0.00      0.00      0.00         0
         232       0.00      0.00      0.00         0
         233       0.50      1.00      0.67         1
         234       0.00      0.00      0.00         1
         237       0.00      0.00      0.00         1
         240       0.00      0.00      0.00         1
         243       0.00      0.00      0.00         1
         244       0.00      0.00      0.00         0
         247       0.00      0.00      0.00         1
         249       0.00      0.00      0.00         0
         250       0.00      0.00      0.00         0
         251       0.00      0.00      0.00         1
         252       1.00      1.00      1.00         1
         255       0.00      0.00      0.00         0
         256       1.00      1.00      1.00         5
         257       0.00      0.00      0.00         0
         258       0.00      0.00      0.00         1
         260       0.00      0.00      0.00         0
         265       0.00      0.00      0.00         1
         270       0.00      0.00      0.00         0
         272       0.00      0.00      0.00         0
         278       0.00      0.00      0.00         1
         279       0.00      0.00      0.00         1
         280       0.00      0.00      0.00         1
         283       0.00      0.00      0.00         1
         284       0.00      0.00      0.00         0
         290       0.50      1.00      0.67         1
         291       0.00      0.00      0.00         1
         292       0.00      0.00      0.00         1
         298       0.00      0.00      0.00         1
         299       0.00      0.00      0.00         0
         300       0.00      0.00      0.00         1
         302       1.00      0.67      0.80         3
         307       0.00      0.00      0.00         0
         309       1.00      1.00      1.00         2
         315       0.00      0.00      0.00         1
         319       0.00      0.00      0.00         1
         321       0.00      0.00      0.00         1
         323       0.00      0.00      0.00         0
         324       0.00      0.00      0.00         0
         325       1.00      0.83      0.91         6
         330       0.00      0.00      0.00         0
         331       0.00      0.00      0.00         0
         333       0.00      0.00      0.00         1
         334       0.00      0.00      0.00         1
         335       0.00      0.00      0.00         1
         336       0.00      0.00      0.00         1
         337       0.00      0.00      0.00         1
         343       0.50      1.00      0.67         2
         346       0.00      0.00      0.00         1
         354       0.00      0.00      0.00         1
         357       0.00      0.00      0.00         1
         361       0.00      0.00      0.00         0
         366       0.00      0.00      0.00         1
         369       0.00      0.00      0.00         1
         372       0.00      0.00      0.00         0
         374       0.00      0.00      0.00         1
         379       0.00      0.00      0.00         1
         385       0.00      0.00      0.00         1
         392       0.00      0.00      0.00         1
         393       0.50      1.00      0.67         1
         396       0.00      0.00      0.00         1
         398       1.00      1.00      1.00         2
         399       0.00      0.00      0.00         1
         403       0.00      0.00      0.00         0
         406       0.00      0.00      0.00         1
         407       0.00      0.00      0.00         1
         409       0.67      1.00      0.80         2
         411       0.00      0.00      0.00         0
         415       0.00      0.00      0.00         0
         417       0.00      0.00      0.00         0
         418       0.00      0.00      0.00         1
         419       0.00      0.00      0.00         1
         421       0.00      0.00      0.00         1
         422       0.00      0.00      0.00         0
         425       0.00      0.00      0.00         1

    accuracy                           0.42       149
   macro avg       0.18      0.21      0.18       149
weighted avg       0.41      0.42      0.39       149
